  0.536 -0.720  1.311  0.835 -0.877  0.349
 -0.385 -0.343  0.282  0.450 -0.675 -0.995
 -0.472  0.511 -0.482 -0.058 -0.894  0.444
 -0.585 -0.740 -1.234 -0.238 -0.526 -0.642
  0.113  0.073 -0.458 -0.165 -1.300 -1.581
  0.707 -0.048 -0.154 -0.321 -0.961 -0.050
  0.805  1.522 -0.325 -0.037 -0.380 -1.186
  0.760 -1.425  0.079  0.546  0.411  1.008
  1.287  0.150 -0.212  1.148 -0.426 -0.783
  0.080 -0.918 -0.054  1.253 -0.333  0.005
  0.329  0.739  0.372  0.737 -1.375  0.052
 -0.764 -0.513  0.103  0.497 -0.201  1.335
  0.310  0.123  0.406  0.426  0.838 -1.455
  0.998  0.208 -0.333 -0.091 -0.643  0.433
  1.149  0.157  0.670 -0.608 -1.202  0.185
  1.631  0.469  1.257 -0.933 -0.752  1.274
  0.848 -1.345  0.619 -1.223 -1.483 -0.075
  0.748  0.737  0.901 -1.108 -1.549 -0.497
  0.085  0.787  1.334 -1.066 -1.653 -0.640
  0.933  0.096  1.361 -0.974 -0.866  1.779
  0.450 -1.691  0.864 -1.508 -1.648 -0.670
  0.774  1.348  0.718 -2.007 -0.280 -1.029
  0.285 -0.742  0.806 -1.477 -0.880  0.919
  0.149 -0.023  0.058 -1.033 -1.350  1.357
 -0.165 -0.337 -0.264 -0.898 -1.336  1.341
 -0.288  0.657 -0.131 -1.084 -1.879 -1.100
  1.427 -0.571 -0.093 -1.580 -1.007  0.504
 -0.279  1.506 -0.356 -1.896 -0.600 -0.652
  0.268  0.775 -1.188 -1.786 -0.363  0.349
 -3.101 -1.941 -1.313 -1.362 -0.840 -0.207
 -2.166 -0.826 -1.502 -1.312 -0.044  0.688
 -3.161  1.004 -0.423 -1.307  0.047  0.038
 -2.140 -0.041 -0.824 -0.507 -0.887  0.050
 -0.826  1.225 -1.243 -0.447 -0.371 -0.587
 -0.775 -1.146 -0.918 -0.194 -0.626  2.015
  1.218  1.201 -1.017  0.322  0.959 -0.264
  0.301 -1.591 -1.325  0.301  0.247 -1.946
  1.683  0.367 -1.452  0.224  0.634 -1.340
 -0.119  0.322 -1.053 -0.237  0.147 -0.425
  0.058 -1.204 -1.325 -0.433 -0.560  0.353
 -1.587  1.219 -1.253 -0.216  0.101  1.586
 -1.349 -0.739 -1.245  0.266 -0.378  1.755
 -1.032  0.424 -1.126  0.333 -0.336 -1.282
 -0.687 -0.033 -0.875 -0.161 -1.811  0.671
  0.588  1.065  0.122 -0.358  0.055  1.232
 -0.598  0.089  1.234  0.114 -1.443  0.487
  0.229 -2.127  0.513  0.424 -0.295 -0.874
 -1.068  0.927  0.165  0.039 -0.959 -1.024
  0.360  1.996 -0.816 -0.459 -0.339 -0.968
 -0.435 -1.229 -1.406 -1.132 -0.626  0.776
  0.834  0.278 -0.773 -1.262 -1.212 -0.819
 -0.215  0.142  0.521 -0.810  0.318 -1.396
  0.589 -0.792 -0.269 -0.950  0.098  0.630
 -0.099  1.305  0.254 -1.328  0.499 -1.076
 -0.375  0.443  1.086 -1.793  0.494 -1.474
 -1.021 -0.711  0.187 -2.412  1.313 -0.141
  0.378 -0.623  1.141 -2.069 -0.112  0.000
  0.772  0.586  0.861 -1.093  0.144 -1.027
  1.349  0.299 -0.649 -0.170  0.218  0.709
  0.720  0.308 -0.183 -0.128 -0.091 -0.158
  0.383 -0.026 -0.081 -0.183  0.748 -0.942
  0.631 -0.662 -0.988  0.162  1.189 -1.068
 -0.049 -1.735 -0.063  0.809  0.249  1.895
 -0.123  2.753 -0.353  1.257 -0.376 -0.140
 -0.809 -1.970 -0.809  1.251  0.331  1.781
  0.327 -0.026 -0.783  0.569 -0.195 -0.278
 -0.149  1.471 -0.867 -0.124  1.673  0.419
  0.826 -0.445 -1.697 -0.382  0.230  0.081
  1.244  0.720 -1.816 -0.184  0.843 -1.431
  2.173 -1.056 -0.285 -0.112  0.685 -1.403
  1.631  0.048  0.579 -0.354  0.670 -0.232
  1.644  1.428 -0.153  0.127  0.074 -0.423
  0.637 -0.528 -0.227  0.921  1.263  0.522
  1.399  0.429 -0.258  1.011  0.677 -1.302
  0.448 -0.650  0.356  1.272  0.535 -0.592
  1.133 -0.338  1.462  1.290  0.532  1.779
 -0.407  1.345  1.431  0.832  1.709 -0.218
  0.050 -0.452  0.848  1.041  2.312  0.710
 -0.098 -0.542  1.128  0.851  1.402 -0.574
  0.246  1.097  1.334  0.481  2.299  1.354
  0.578  0.782  3.545  1.018  1.290  0.771
  0.790 -1.121  2.845  1.314  2.654 -1.233
  0.582  1.142  2.262  1.305  1.870 -0.091
 -0.888 -0.993  1.591  1.571  1.628  0.575
 -0.554  1.621  1.919  1.763  2.246 -0.780
 -2.010 -1.450  1.621  1.846  1.280  0.045
 -1.693  0.079  0.659  1.736  1.488 -0.271
 -0.847 -0.047  0.282  1.324  1.125 -1.330
 -0.257  1.173 -0.867  1.052  0.438 -0.228
  0.468 -0.166  0.084  1.348  0.033  1.847
 -0.749 -1.255 -0.243  1.087  0.266 -0.069
 -1.510  0.123 -0.456  0.811 -0.559  0.799
 -1.096  1.138 -0.857  0.951 -0.538  1.384
 -0.381 -1.683  0.172  0.970 -0.438  0.960
  0.602  1.395  0.053  0.737 -0.559  1.126
 -0.098 -0.218 -0.314  0.561  0.467 -0.019
 -0.847 -1.240 -0.417  0.973 -0.382  0.207
 -1.272 -1.189 -0.485  0.894 -0.091 -0.586
 -0.689  1.064 -0.532  0.461 -0.441 -0.803
 -0.932  0.063 -0.470  0.101 -0.315  2.668
 -0.386 -0.712 -0.103 -0.043  1.536 -0.871
