  0.3396  0.1333  0.1172 -1.2438  0.2423
  0.2937  0.6863  0.1343 -0.5805 -0.1771
  1.2241  1.4764  0.1787  0.3484  0.4824
 -0.5693  2.6050  0.1556 -1.5080 -0.1908
  2.2803  1.2526  0.0835 -2.0888  0.5472
 -2.8381  2.2853  0.1054 -1.7766  0.4350
 -0.3270  0.7958 -0.2199 -0.5882 -0.2791
  0.2102  1.6328 -0.3901 -0.8007 -1.1473
  0.1256 -0.1363 -0.4831 -3.3319 -1.6636
 -0.8065  0.3012 -0.6004 -1.6749 -0.4102
  1.0805  0.9262 -0.5904  2.6295  1.7143
  0.7369 -1.1458 -0.4710  2.0159  2.2927
 -1.1656 -1.1409 -0.4676 -0.2868  0.9370
 -1.1314 -1.1339 -0.3956 -1.1438  1.5634
  0.5290 -1.1240 -0.3651 -1.2299  1.0538
 -0.2543 -1.1098 -0.6159 -1.6891  0.1575
  0.3672 -1.0895 -0.6701 -1.2539  1.2188
  2.0219 -1.0605 -0.4143  1.6091  1.0902
  0.1066 -1.0190 -0.0669  1.6233  0.1811
  1.3172 -0.9598 -0.0052 -0.3364 -0.4006
  0.1760 -0.8753 -0.3826 -0.7708 -0.1102
 -0.0706 -0.7545 -0.3403 -0.5610  0.5258
 -0.8400 -0.5819 -0.4095 -0.7109  0.4789
  0.0441 -0.3354 -0.4541  0.9910 -0.2249
  1.3131  0.0168 -0.5454  1.4729 -0.3192
 -1.0102  0.5199 -0.6975 -1.8190 -1.0561
  0.2812  1.2386 -0.8076 -2.0634 -1.7633
 -0.5552  0.2889 -1.0471  0.8478 -1.2854
  0.2281 -1.0679 -1.5692 -0.0964 -0.7640
  1.8151 -1.0297 -1.4369  0.0288 -0.4392
  0.5230 -0.9751 -1.3124  1.5475 -0.2225
 -0.5915 -0.8971 -1.4352  0.3945 -0.9522
 -1.3600 -0.7857 -1.7703  1.9788 -0.7323
  1.5670 -0.6265 -1.8783  1.1308 -1.3346
 -1.0911 -0.3990 -1.9942  0.5171 -1.8713
 -0.3844 -0.0741 -1.8331  0.9967 -0.6546
  0.1215  0.3900 -1.8397  1.3349 -1.4376
 -0.2187  1.0531 -1.7921 -1.2978 -0.9144
  0.3413  2.0003 -1.8206  0.7218 -0.5616
  0.1741  0.3887 -1.5488  1.7443 -0.2184
  1.2937  1.0512 -1.6942 -2.1487 -1.3921
  0.3452  1.9977 -1.4214 -1.9693 -1.1925
  1.7916  0.3849 -1.2410 -2.2348 -1.4713
 -0.8180  1.0458 -1.1943 -2.8386 -1.0638
 -0.1451  1.9899 -1.1132 -0.5281 -0.0063
 -2.1988  0.3739 -0.9295 -1.8278  0.0369
  0.6644  1.0301 -0.8532 -0.8580  0.5789
  1.5779  1.9674 -0.9733 -0.0603  1.3117
  0.7488  0.3418 -0.7305  0.2715  0.2528
 -0.3378 -0.9924 -0.5734  1.2540 -0.5955
  0.1636 -0.9218 -0.5274  1.1134 -1.9199
 -0.1277 -0.8209 -0.4081  0.6801 -2.0071
  0.8926 -0.6768 -0.3442  1.8358 -1.6607
  0.8615 -0.4710 -0.5483  1.2098 -0.6220
 -0.9676 -0.1769 -0.6837 -0.5952 -0.5426
 -0.7614  0.2431 -0.9143  0.4171 -0.2119
 -1.2246  0.8433 -0.8675  0.9400  0.1870
 -0.3808  1.7006 -0.7130 -0.8464  0.0698
 -1.1058  0.9488 -0.6705 -0.3412 -0.9363
 -1.2207 -0.1252 -0.5734  1.3943  0.0270
 -0.3506  0.3171 -0.5899  1.0392 -0.1657
 -0.0627 -1.0277 -0.5224  1.1550 -0.2321
 -0.6601 -0.9722 -1.0123 -0.5439 -0.0279
 -1.3424 -0.8929 -0.8613 -2.0594  0.6709
  0.2451 -0.7797 -1.0056  0.8341  0.4101
 -0.3758 -0.6180 -0.8783  2.2181  1.3848
 -0.8291 -0.3869 -0.9596 -0.2962  0.3032
 -0.5554 -0.0568 -1.1248 -1.1404  0.4449
  0.3586  0.4148 -1.2043 -1.1716  0.6884
  0.7001  1.0885 -1.2120  0.0454  0.8813
 -1.0354 -0.9139 -1.3337 -0.2727  0.9532
  0.7338 -0.8097 -1.3247 -0.9814  0.5707
 -0.4378 -0.6608 -1.3075  0.7885  0.8604
  0.8688 -0.4480 -1.3443  2.0912  2.1431
 -0.0733 -0.1441 -1.4841  1.5767  2.3395
 -0.1368  0.2900 -1.2877 -0.0027  1.3447
 -0.9377  0.9102 -1.2706 -1.5241  1.1859
 -0.2813 -0.1803 -1.1214 -1.4601  0.1599
 -0.2603  0.2384 -1.4055 -1.3919  0.4614
 -0.0230 -1.1401 -1.1303 -0.5188  0.3666
 -0.4001 -1.1328 -1.1498  0.4899  0.0459
  0.3225 -1.1223 -1.1671  0.0190 -0.6061
 -0.5114 -1.1074 -0.8298  1.0968 -1.6560
 -1.5981 -1.0861 -0.4709  0.9658 -1.5490
  0.2040 -1.0557 -0.2665 -0.8058 -1.6532
 -1.0168 -1.0122 -0.3172  0.3675 -0.8378
 -0.5109 -0.9501 -0.0970  0.3636 -0.2176
  0.0124 -0.8613  0.0670 -1.4451  0.0345
  0.8208 -0.7345  0.0277  0.0986  0.1255
  2.0072 -0.5534  0.0683  0.5944  0.1106
  1.1276 -0.2947  0.3224  0.5772  0.1057
 -0.3751  0.0749  0.2194  1.1304 -0.1452
  0.3662  0.6030  0.4433  1.5638 -0.6513
  0.9962  1.3573  0.0422  1.2026 -0.8564
  0.6896  2.4349  0.0821 -0.2393 -1.3123
  0.6532  1.9978  0.1762 -1.0508 -0.2149
  2.1352  1.3734 -0.1023  0.4659  0.3468
  0.5059 -0.5069 -0.1534  0.5023  0.3750
  0.6603 -0.2282 -0.0452  1.1336  0.5486
 -0.0245  0.1699 -0.3320  0.7037  0.0408
 -1.1272 -0.2496 -0.4409 -0.1054  0.5438
 -0.4575  1.1276 -0.5954 -0.1481  0.1267
 -1.3118  1.1185 -0.5782 -0.9545  0.2089
 -0.7237  1.1056 -0.6061 -1.1972  0.2364
  0.6344  1.0870 -0.4079 -0.5749 -0.7702
 -1.1121  1.0606 -0.5604 -0.5578 -1.6447
 -0.9538  1.0227 -0.5216  0.1606 -2.1165
 -0.4333  0.9687 -0.4980  1.4330 -1.4004
 -1.1112  0.8915 -0.2445  0.5222 -1.3113
 -1.2461  0.7812 -0.2520  0.5441 -0.7450
  0.0187  0.6237 -0.3083 -0.1567 -1.2808
 -0.5508  0.3987 -0.4174 -1.2648 -1.9081
 -0.6736  0.0772 -0.1919  0.4681 -0.2455
  0.8497 -0.3821 -0.1793  1.5254 -0.9393
  1.1690  0.9384 -0.4086  1.0187 -0.5774
 -0.1726  0.8482 -0.7130  0.1860 -0.1409
  0.3549  0.7194 -0.5179  0.2263 -0.7537
 -0.3770  0.5353 -0.2588 -0.5981 -0.3833
 -0.4705  0.2724 -0.1063  0.1102 -0.0589
 -1.2747 -0.1032 -0.1800  0.8798  0.8776
 -0.3960 -0.6398  0.1826 -0.7749  1.3255
 -0.8613  0.5702 -0.0708 -0.3358  0.9302
  0.5185  0.3222  0.0297 -0.0279  0.8836
 -0.2124 -0.0321 -0.2514 -0.2817  0.1452
 -1.0893 -0.5382 -0.1709 -0.9398 -0.9907
  1.6398 -1.2612 -0.1481 -1.3977 -0.2032
 -0.3901 -0.3176 -0.1773 -0.4020  0.0485
 -1.8636  1.0305 -0.1273 -0.0408 -0.3765
 -1.4447  0.9798  0.2063 -0.2396 -0.4390
 -0.2604  0.9073  0.2919  0.2892 -0.7359
 -0.0307  0.8038  0.1658  1.4462 -0.0358
 -2.0081  0.6560  0.2684  0.6672  0.8489
 -0.2081  0.4448  0.2712 -0.0569  0.8449
  0.3065  0.1431  0.2201 -1.0510  0.7401
  0.5645 -0.2879  0.4978 -1.2947  0.4794
  1.4764 -0.9037  0.5413 -0.0436  1.2670
  1.0922 -1.7833  0.9594  0.8002  0.3475
  0.5128 -3.0400  1.0927  0.3301  0.4263
  0.5962 -1.8704  1.2390  0.5868  1.7342
  1.1631 -0.1995  1.0730  0.3492  1.7907
  2.1040 -0.7773  0.9614 -0.5794  1.5829
  1.3869 -1.6028  1.2587 -0.4736  1.8371
  2.0494  0.1827  1.4757 -0.4838  1.3264
  2.0706 -0.2314  1.4982 -0.2615  0.5578
  1.0421 -0.8229  1.5654 -0.4013 -0.5970
 -0.4393 -1.6679  1.4917  0.2786 -0.3150
 -1.2409 -2.8751  1.1211  0.5392  0.3908
 -0.4994 -1.6349  1.2880 -0.6898 -0.4353
 -1.7108  0.1369  1.4218 -0.2980 -0.1297
 -1.3757 -0.2967  1.5157  0.3959 -0.0170
 -2.1813 -0.9163  1.2911  0.3983  1.1609
 -1.3981  0.1752  1.2848 -0.0462  0.2501
 -1.5113 -0.2420  1.1438  0.2807  0.9957
 -1.7275  1.1384  1.2444  0.2759  0.8890
  0.1668  1.1340  1.1634  0.3300  1.0029
  1.5016  1.1276  1.1397  0.3576  0.1769
  0.7393  1.1185  1.0972  0.4128  0.1732
 -0.1474  1.1055  1.0791  0.1623 -1.0717
 -0.8505  1.0870  0.8045 -0.4275 -1.5133
  0.6661  1.0605  0.8508 -0.1884 -1.0356
  1.2122  1.0226  1.0042  1.2162 -1.6984
  1.5320  0.9685  0.8772  0.0543 -0.6622
  0.8210  0.8912  1.0971 -1.0980 -1.2795
  2.6057  0.7809  0.9346  0.1656 -1.0532
  1.8632  0.6232  1.1378 -0.1215 -1.5756
  1.4545  0.3979  1.0666  0.1946 -1.9900
  0.7248  0.0761  1.3167  0.7778 -0.9841
  0.9920 -0.3837  1.1480  0.9002 -0.7677
 -0.7238 -1.0405  0.8663  1.5019 -1.0172
 -1.0943  0.9860  0.8660  0.8109 -1.1360
 -0.6103  0.9163  1.0187  0.1849 -0.8587
 -1.1845  0.8166  0.9842 -0.0664 -0.8542
 -1.2927  0.6743  1.4159 -0.5091  0.2806
 -1.3834  0.4709  1.1861 -0.5594  1.0332
 -1.2221  0.1804  1.3516 -0.2181  0.3093
 -0.6817 -0.2347  1.7279 -0.0093  0.3012
  0.9345 -0.8276  1.8762 -0.3574  0.9858
  0.4886 -1.6746  1.9705  0.1601  0.5376
 -0.4479  0.0801  1.9183  0.2806  1.1395
 -1.1497 -0.3779  1.8854  0.7178  1.6293
 -1.0380 -1.0321  1.4862  0.8889  1.3033
 -0.8242 -1.9668  1.7008  0.4063  1.5675
  0.3392 -1.3256  1.6468 -0.0012  0.5468
  0.2540  0.5788  1.8971 -0.2467  0.6219
  0.5225  0.3344  1.9028  0.1246  0.6482
  0.5369 -0.0146  1.7759  0.1811  1.6952
  0.8239 -0.5132  1.8458 -0.1845  2.6780
  1.4152 -1.2254  1.6820  0.1146  1.9018
  0.6192 -2.2430  1.4013  0.4318  0.0881
  0.3538 -0.7318  1.2291  0.2395  0.7215
 -0.3911 -1.5378  1.0605 -0.5889  1.7702
  0.0229  0.2756  1.0421 -0.3227  1.4683
  0.7451 -0.0987  0.8619  0.1832  1.1660
  0.2779 -0.6333  0.7828  0.2766  0.8713
  0.2905 -1.3970  0.6774 -0.1742  0.6950
  0.4852 -0.5116  0.6733 -0.2841  0.2096
  0.2727  0.7533  0.5795  0.0011 -1.0237
  0.2144  0.5839  0.5944  0.0895 -0.1638
 -0.6133  0.3417  0.6268 -0.2021 -0.5997
 -0.5892 -0.0042  0.8143  0.2924  0.1084
